{
  "nbformat": 4,
  "nbformat_minor": 0,
  "metadata": {
    "colab": {
      "provenance": [],
      "authorship_tag": "ABX9TyNuDj+eOuZb9Ep6tdirosIU",
      "include_colab_link": true
    },
    "kernelspec": {
      "name": "python3",
      "display_name": "Python 3"
    },
    "language_info": {
      "name": "python"
    }
  },
  "cells": [
    {
      "cell_type": "markdown",
      "metadata": {
        "id": "view-in-github",
        "colab_type": "text"
      },
      "source": [
        "<a href=\"https://colab.research.google.com/github/longlinh/FitVids.js/blob/master/cfcm_iris.ipynb\" target=\"_parent\"><img src=\"https://colab.research.google.com/assets/colab-badge.svg\" alt=\"Open In Colab\"/></a>"
      ]
    },
    {
      "cell_type": "code",
      "execution_count": null,
      "metadata": {
        "id": "fOXfgY_Q-CdG"
      },
      "outputs": [],
      "source": [
        "import numpy as np\n",
        "import pandas as pd\n",
        "# https://archive.ics.uci.edu/dataset/53/iris\n",
        "def get_data_uci_by_url(url: str = 'https://archive.ics.uci.edu/ml/machine-learning-databases/iris/iris.data',\n",
        "                        columns: list = ['sepal_length', 'sepal_width', 'petal_length', 'petal_width', 'class']) -> np.ndarray:\n",
        "    _data = pd.read_csv(url, header=0, names=columns)\n",
        "    # print(_data.metadata)  # Hiển thị thông tin về bộ dữ liệu\n",
        "    # print(_data.variables)  # Hiển thị thông tin về các biến trong bộ dữ liệu\n",
        "    return _data.iloc[:, :-1].values  # Trích xuất ma trận đặc trưng X (loại trừ nhãn lớp)\n",
        "\n",
        "def cfcm(X: np.ndarray, W: np.ndarray, C: int, m: int = 2, epsilon: float = 1e-5) -> tuple:\n",
        "    \"\"\"\n",
        "    Thuật toán Collaborative Fuzzy C-Means (CFCM)\n",
        "    Args:\n",
        "        X: Ma trận dữ liệu (N điểm dữ liệu, D thuộc tính).\n",
        "        W: Ma trận trọng số hợp tác (N x N).\n",
        "        C: Số lượng cụm.\n",
        "        m: Tham số mờ (m>1).\n",
        "        epsilon: Ngưỡng điều kiện dừng.\n",
        "    Returns:\n",
        "        U: Ma trận thuộc tính mờ (N x C).\n",
        "        V: Ma trận tâm cụm (C x D).\n",
        "    \"\"\"\n",
        "    N, D = X.shape\n",
        "    U = np.random.rand(N, C)\n",
        "    U = U / np.sum(U, axis=1, keepdims=True)\n",
        "    V = np.random.rand(C, D)\n",
        "    U_old = np.zeros((N, C))\n",
        "\n",
        "    while True:\n",
        "        # Cập nhật tâm cụm\n",
        "        for j in range(C):\n",
        "            V[j] = np.sum((W @ X) * (U[:, j]**m)[:, None], axis=0) / np.sum(W * U[:, j]**m)\n",
        "        # Cập nhật ma trận thuộc tính mờ\n",
        "        for i in range(N):\n",
        "            for j in range(C):\n",
        "                _denom = np.sum([(np.linalg.norm(X[i] - V[j]) / np.linalg.norm(X[i] - V[k]))**(2/(m-1)) for k in range(C)])\n",
        "                U[i, j] = 1 / _denom\n",
        "        # Kiểm tra điều kiện dừng\n",
        "        if np.max(np.abs(U - U_old)) < epsilon:\n",
        "            break\n",
        "        U_old = U.copy()\n",
        "    return U, V\n",
        "\n",
        "def get_membership(new_points: list) -> np.ndarray:\n",
        "    new_point = np.array(new_points)\n",
        "    distances = np.linalg.norm(new_point - V, axis=1)\n",
        "    membership = 1 / distances\n",
        "    membership = membership / membership.sum()\n",
        "    print(\"Xác suất thuộc về từng cụm của điểm dữ liệu mới:\")\n",
        "    return membership"
      ]
    },
    {
      "cell_type": "code",
      "source": [
        "if __name__ == \"__main__\":\n",
        "    import time\n",
        "    # Sử dụng với bộ dữ liệu Iris\n",
        "    X = get_data_uci_by_url(url='https://archive.ics.uci.edu/ml/machine-learning-databases/iris/iris.data',\n",
        "                            columns=['sepal_length', 'sepal_width', 'petal_length', 'petal_width', 'class'])\n",
        "    # Tạo ma trận trọng số W là ma trận đơn vị\n",
        "    W = np.identity(X.shape[0])\n",
        "    _start_time = time.time()\n",
        "    C = 3  # Số lượng cụm\n",
        "    # C = 7  # Số lượng cụm\n",
        "    U, V = cfcm(X, W, C)\n",
        "    # --------------------------------\n",
        "    print(\"Ma trận thuộc tính mờ:\", U)\n",
        "    print(\"Ma trận tâm cụm:\", V)\n",
        "    print('Time request', time.time()-_start_time)\n",
        "    # --------------------------------\n",
        "    _start_time = time.time()\n",
        "    print(get_membership(new_points=[5.5, 3.0, 4.5, 1.5]))\n",
        "    print(\"Thời gian tính toán: \", time.time() - _start_time)"
      ],
      "metadata": {
        "colab": {
          "base_uri": "https://localhost:8080/"
        },
        "id": "GE5XlbUK-S9T",
        "outputId": "6c848503-871a-40b8-b336-c43a372ea4d8"
      },
      "execution_count": 4,
      "outputs": [
        {
          "output_type": "stream",
          "name": "stdout",
          "text": [
            "Ma trận thuộc tính mờ: [[1.57235264e-02 7.08259198e-03 9.77193882e-01]\n",
            " [1.33101060e-02 6.20642479e-03 9.80483469e-01]\n",
            " [2.15863662e-02 9.71449673e-03 9.68699137e-01]\n",
            " [4.24562643e-03 1.99575394e-03 9.93758620e-01]\n",
            " [4.60464249e-02 2.11939909e-02 9.32759584e-01]\n",
            " [1.38738663e-02 6.44554350e-03 9.79680590e-01]\n",
            " [2.71894966e-04 1.23265153e-04 9.99604840e-01]\n",
            " [4.65731294e-02 2.13821101e-02 9.32044761e-01]\n",
            " [1.11232721e-02 4.97922734e-03 9.83897501e-01]\n",
            " [2.25994414e-02 1.05979243e-02 9.66802634e-01]\n",
            " [5.21600540e-03 2.33500698e-03 9.92448988e-01]\n",
            " [1.92437114e-02 8.75224344e-03 9.72004045e-01]\n",
            " [5.11048063e-02 2.49053874e-02 9.23989806e-01]\n",
            " [7.39569379e-02 3.83348687e-02 8.87708193e-01]\n",
            " [1.06135026e-01 5.52412076e-02 8.38623766e-01]\n",
            " [3.68542961e-02 1.81254570e-02 9.45020247e-01]\n",
            " [2.62409933e-03 1.21430715e-03 9.96161594e-01]\n",
            " [6.66308891e-02 3.08094977e-02 9.02559613e-01]\n",
            " [1.51014606e-02 7.09866582e-03 9.77799874e-01]\n",
            " [2.18563991e-02 9.54278471e-03 9.68600816e-01]\n",
            " [1.11392556e-02 5.14886783e-03 9.83711877e-01]\n",
            " [2.79199479e-02 1.40419160e-02 9.58038136e-01]\n",
            " [1.40549121e-02 5.94121942e-03 9.80003869e-01]\n",
            " [2.27437377e-02 9.62933457e-03 9.67626928e-01]\n",
            " [1.73070623e-02 7.47789621e-03 9.75215041e-01]\n",
            " [3.48972912e-03 1.53338648e-03 9.94976884e-01]\n",
            " [4.87111754e-03 2.22709869e-03 9.92901784e-01]\n",
            " [4.45668202e-03 2.05570610e-03 9.93487612e-01]\n",
            " [1.34577296e-02 5.95505395e-03 9.80587216e-01]\n",
            " [1.38360153e-02 6.05375774e-03 9.80110227e-01]\n",
            " [1.78896673e-02 8.02790816e-03 9.74082425e-01]\n",
            " [4.25258523e-02 2.10195964e-02 9.36454551e-01]\n",
            " [6.50744977e-02 3.31642982e-02 9.01761204e-01]\n",
            " [1.11232721e-02 4.97922734e-03 9.83897501e-01]\n",
            " [9.93783755e-03 4.68210856e-03 9.85380054e-01]\n",
            " [2.47743925e-02 1.18155437e-02 9.63410064e-01]\n",
            " [1.11232721e-02 4.97922734e-03 9.83897501e-01]\n",
            " [4.02114050e-02 1.88285875e-02 9.40960007e-01]\n",
            " [1.18734293e-03 5.37712125e-04 9.98274945e-01]\n",
            " [3.91964860e-03 1.84685556e-03 9.94233496e-01]\n",
            " [1.00484181e-01 4.61852144e-02 8.53330604e-01]\n",
            " [3.16608893e-02 1.49680395e-02 9.53371071e-01]\n",
            " [1.45904705e-02 6.42231760e-03 9.78987212e-01]\n",
            " [3.89209584e-02 1.69491572e-02 9.44129884e-01]\n",
            " [1.82699803e-02 8.20583322e-03 9.73524186e-01]\n",
            " [1.67224421e-02 7.77566361e-03 9.75501894e-01]\n",
            " [1.70871181e-02 7.86828089e-03 9.75044601e-01]\n",
            " [1.63249495e-02 7.63739258e-03 9.76037658e-01]\n",
            " [1.80604208e-03 8.26942761e-04 9.97367015e-01]\n",
            " [4.54521916e-01 5.00862737e-01 4.46153464e-02]\n",
            " [7.64329580e-01 2.06495929e-01 2.91744913e-02]\n",
            " [3.69064058e-01 5.99630953e-01 3.13049890e-02]\n",
            " [8.69803375e-01 8.05272969e-02 4.96693279e-02]\n",
            " [7.59074940e-01 2.16793559e-01 2.41315008e-02]\n",
            " [9.73767106e-01 2.04707545e-02 5.76213946e-03]\n",
            " [6.73390862e-01 2.96800263e-01 2.98088745e-02]\n",
            " [5.80911804e-01 1.32035176e-01 2.87053020e-01]\n",
            " [7.21314058e-01 2.47418369e-01 3.12675734e-02]\n",
            " [8.30067305e-01 9.47593463e-02 7.51733487e-02]\n",
            " [6.35212398e-01 1.44865347e-01 2.19922255e-01]\n",
            " [9.62064166e-01 2.87266330e-02 9.20920094e-03]\n",
            " [8.42896837e-01 1.01160905e-01 5.59422585e-02]\n",
            " [8.99922105e-01 8.79682071e-02 1.21096876e-02]\n",
            " [8.15678779e-01 9.22268753e-02 9.20943454e-02]\n",
            " [6.90121482e-01 2.68121803e-01 4.17567150e-02]\n",
            " [9.33166362e-01 5.26458292e-02 1.41878085e-02]\n",
            " [9.25508393e-01 4.84450611e-02 2.60465456e-02]\n",
            " [8.35436711e-01 1.37331454e-01 2.72318354e-02]\n",
            " [8.77244836e-01 7.08570398e-02 5.18981242e-02]\n",
            " [7.21961060e-01 2.50401103e-01 2.76378371e-02]\n",
            " [9.34166917e-01 4.62588326e-02 1.95742509e-02]\n",
            " [7.05760329e-01 2.70225562e-01 2.40141095e-02]\n",
            " [9.02914242e-01 8.31412888e-02 1.39444695e-02]\n",
            " [8.76027957e-01 1.01037192e-01 2.29348507e-02]\n",
            " [7.55020719e-01 2.11006006e-01 3.39732753e-02]\n",
            " [5.23995475e-01 4.42347675e-01 3.36568498e-02]\n",
            " [3.06705348e-01 6.72073242e-01 2.12214094e-02]\n",
            " [9.69028641e-01 2.60475680e-02 4.92379066e-03]\n",
            " [7.66253326e-01 1.04657853e-01 1.29088821e-01]\n",
            " [8.31727180e-01 8.99497869e-02 7.83230327e-02]\n",
            " [7.94757812e-01 1.00771101e-01 1.04471087e-01]\n",
            " [9.18437435e-01 5.03900971e-02 3.11724683e-02]\n",
            " [6.56680434e-01 3.19308682e-01 2.40108842e-02]\n",
            " [8.91088881e-01 8.24480041e-02 2.64631149e-02]\n",
            " [7.97361223e-01 1.70481822e-01 3.21569543e-02]\n",
            " [5.55794337e-01 4.10719953e-01 3.34857100e-02]\n",
            " [8.57642775e-01 1.15405240e-01 2.69519847e-02]\n",
            " [9.28744063e-01 4.70478627e-02 2.42080743e-02]\n",
            " [8.99093588e-01 6.24754083e-02 3.84310041e-02]\n",
            " [9.30959711e-01 4.92971391e-02 1.97431503e-02]\n",
            " [9.15897561e-01 7.24923568e-02 1.16100827e-02]\n",
            " [9.35452236e-01 4.18784416e-02 2.26693228e-02]\n",
            " [5.96751041e-01 1.32484715e-01 2.70764244e-01]\n",
            " [9.58697434e-01 2.85295374e-02 1.27730283e-02]\n",
            " [9.45414738e-01 3.77238907e-02 1.68613715e-02]\n",
            " [9.67291651e-01 2.30723257e-02 9.63602334e-03]\n",
            " [9.43940249e-01 4.46412585e-02 1.14184926e-02]\n",
            " [5.18272510e-01 1.24143995e-01 3.57583494e-01]\n",
            " [9.60399331e-01 2.68207998e-02 1.27798693e-02]\n",
            " [1.20774287e-01 8.59852459e-01 1.93732544e-02]\n",
            " [6.15858679e-01 3.54788293e-01 2.93530281e-02]\n",
            " [3.81161918e-02 9.55810529e-01 6.07327876e-03]\n",
            " [1.42143498e-01 8.45303194e-01 1.25533077e-02]\n",
            " [3.76655405e-02 9.57573644e-01 4.76081580e-03]\n",
            " [1.52655481e-01 8.11871090e-01 3.54734294e-02]\n",
            " [7.59696373e-01 1.67029612e-01 7.32740153e-02]\n",
            " [1.15124283e-01 8.62965945e-01 2.19097720e-02]\n",
            " [1.17421332e-01 8.68558676e-01 1.40199918e-02]\n",
            " [1.14571839e-01 8.61015629e-01 2.44125329e-02]\n",
            " [2.10182287e-01 7.73026406e-01 1.67913066e-02]\n",
            " [2.23446915e-01 7.60760459e-01 1.57926268e-02]\n",
            " [1.00452574e-02 9.88784482e-01 1.17026007e-03]\n",
            " [6.60115181e-01 3.05440144e-01 3.44446742e-02]\n",
            " [4.61200154e-01 5.00360900e-01 3.84389461e-02]\n",
            " [1.36232209e-01 8.49682559e-01 1.40852315e-02]\n",
            " [7.97797691e-02 9.13040189e-01 7.18004162e-03]\n",
            " [1.85812411e-01 7.63604597e-01 5.05829924e-02]\n",
            " [1.93242889e-01 7.57541207e-01 4.92159039e-02]\n",
            " [7.10835000e-01 2.56888020e-01 3.22769797e-02]\n",
            " [2.56765464e-02 9.70497885e-01 3.82556842e-03]\n",
            " [7.07125413e-01 2.59169388e-01 3.37051991e-02]\n",
            " [1.74816243e-01 7.83188817e-01 4.19949400e-02]\n",
            " [5.96204904e-01 3.80959924e-01 2.28351718e-02]\n",
            " [2.17443421e-02 9.75341131e-01 2.91452698e-03]\n",
            " [7.51474989e-02 9.11943517e-01 1.29089845e-02]\n",
            " [7.08203258e-01 2.70797711e-01 2.09990308e-02]\n",
            " [6.47354831e-01 3.29532477e-01 2.31126922e-02]\n",
            " [8.31236259e-02 9.08498848e-01 8.37752590e-03]\n",
            " [9.47662832e-02 8.90776937e-01 1.44567798e-02]\n",
            " [1.07433262e-01 8.72769069e-01 1.97976684e-02]\n",
            " [1.88994255e-01 7.60110026e-01 5.08957187e-02]\n",
            " [8.49509714e-02 9.06073204e-01 8.97582473e-03]\n",
            " [5.40663343e-01 4.35910252e-01 2.34264054e-02]\n",
            " [3.92964082e-01 5.75783811e-01 3.12521073e-02]\n",
            " [1.31755804e-01 8.39574746e-01 2.86694495e-02]\n",
            " [1.28784233e-01 8.53972818e-01 1.72429484e-02]\n",
            " [1.10260378e-01 8.79934479e-01 9.80514329e-03]\n",
            " [7.50269604e-01 2.27991227e-01 2.17391688e-02]\n",
            " [2.89986745e-02 9.67506365e-01 3.49496087e-03]\n",
            " [3.76924250e-02 9.57226034e-01 5.08154090e-03]\n",
            " [1.29602898e-01 8.54975969e-01 1.54211325e-02]\n",
            " [6.15858679e-01 3.54788293e-01 2.93530281e-02]\n",
            " [3.37058976e-02 9.61046863e-01 5.24723947e-03]\n",
            " [6.31859686e-02 9.27109304e-01 9.70472725e-03]\n",
            " [1.06519610e-01 8.82198107e-01 1.12822827e-02]\n",
            " [5.07884104e-01 4.66265971e-01 2.58499246e-02]\n",
            " [1.56703113e-01 8.31156545e-01 1.21403422e-02]\n",
            " [1.89196142e-01 7.89197837e-01 2.16060200e-02]\n",
            " [5.82156027e-01 3.90886710e-01 2.69572632e-02]]\n",
            "Ma trận tâm cụm: [[5.88932636 2.76130383 4.36439938 1.39750642]\n",
            " [6.77516702 3.05245071 5.64697454 2.05363649]\n",
            " [5.00128646 3.40068838 1.48690823 0.25267202]]\n",
            "Time request 1.2796897888183594\n",
            "Xác suất thuộc về từng cụm của điểm dữ liệu mới:\n",
            "[0.7057719  0.19074134 0.10348676]\n",
            "Thời gian tính toán:  0.0003345012664794922\n"
          ]
        }
      ]
    }
  ]
}